*3DSMAX_ASCIIEXPORT	110
*COMMENT "[ GothicSourcer v3.15 ] - May 2015"
*SCENE {
	*SCENE_FILENAME "PALNEW.MAX"
	*SCENE_FIRSTFRAME 0
	*SCENE_LASTFRAME 100
	*SCENE_FRAMESPEED 25
	*SCENE_TICKSPERFRAME 192
	*SCENE_BACKGROUND_STATIC 0	0	0
	*SCENE_AMBIENT_STATIC 0.2	0.2	0.2
}
*MATERIAL_LIST {
	*MATERIAL_COUNT 2
	*MATERIAL 0 {
		*MATERIAL_NAME "Compound Material #1"
		*MATERIAL_CLASS "Multi/Sub-Object"
		*NUMSUBMTLS 3
		*SUBMATERIAL 0 {
			*MATERIAL_NAME "NEWARMORPAL-MATERIAL.002"
			*MATERIAL_CLASS "Standard"
			*MATERIAL_AMBIENT 0.192157	0.164706	0.152941
			*MATERIAL_DIFFUSE 0.192157	0.164706	0.152941
			*MATERIAL_SPECULAR 0.9	0.9	0.9
			*MATERIAL_SHINE 0.1
			*MATERIAL_SHINESTRENGTH 0
			*MATERIAL_TRANSPARENCY 0
			*MATERIAL_WIRESIZE 1
			*MATERIAL_SHADING Blinn
			*MATERIAL_XP_FALLOFF 0
			*MATERIAL_SELFILLUM 0
			*MATERIAL_FALLOFF In
			*MATERIAL_XP_TYPE Filter
			*MAP_DIFFUSE {
				*MAP_NAME "Map #1-1"
				*MAP_CLASS "Bitmap"
				*MAP_SUBNO 1
				*MAP_AMOUNT 1
				*BITMAP "PALNEW2_2.TGA"
				*MAP_TYPE Screen
				*UVW_U_OFFSET 0
				*UVW_V_OFFSET 0
				*UVW_U_TILING 1
				*UVW_V_TILING 1
				*UVW_ANGLE 0
				*UVW_BLUR 1
				*UVW_BLUR_OFFSET 0
				*UVW_NOUSE_AMT 1
				*UVW_NOISE_SIZE 1
				*UVW_NOISE_LEVEL 1
				*UVW_NOISE_PHASE 0
				*BITMAP_FILTER Pyramidal
			}
		}
		*SUBMATERIAL 1 {
			*MATERIAL_NAME "NEWARMORPAL-MATERIAL"
			*MATERIAL_CLASS "Standard"
			*MATERIAL_AMBIENT 0.152941	0.133333	0.133333
			*MATERIAL_DIFFUSE 0.152941	0.133333	0.133333
			*MATERIAL_SPECULAR 0.9	0.9	0.9
			*MATERIAL_SHINE 0.1
			*MATERIAL_SHINESTRENGTH 0
			*MATERIAL_TRANSPARENCY 0
			*MATERIAL_WIRESIZE 1
			*MATERIAL_SHADING Blinn
			*MATERIAL_XP_FALLOFF 0
			*MATERIAL_SELFILLUM 0
			*MATERIAL_FALLOFF In
			*MATERIAL_XP_TYPE Filter
			*MAP_DIFFUSE {
				*MAP_NAME "Map #1-2"
				*MAP_CLASS "Bitmap"
				*MAP_SUBNO 1
				*MAP_AMOUNT 1
				*BITMAP "PALNEW2_1.TGA"
				*MAP_TYPE Screen
				*UVW_U_OFFSET 0
				*UVW_V_OFFSET 0
				*UVW_U_TILING 1
				*UVW_V_TILING 1
				*UVW_ANGLE 0
				*UVW_BLUR 1
				*UVW_BLUR_OFFSET 0
				*UVW_NOUSE_AMT 1
				*UVW_NOISE_SIZE 1
				*UVW_NOISE_LEVEL 1
				*UVW_NOISE_PHASE 0
				*BITMAP_FILTER Pyramidal
			}
		}
		*SUBMATERIAL 2 {
			*MATERIAL_NAME "NEWARMORPAL-PAL-RUESTUNG"
			*MATERIAL_CLASS "Standard"
			*MATERIAL_AMBIENT 0.454902	0.482353	0.501961
			*MATERIAL_DIFFUSE 0.454902	0.482353	0.501961
			*MATERIAL_SPECULAR 0.9	0.9	0.9
			*MATERIAL_SHINE 0.1
			*MATERIAL_SHINESTRENGTH 0
			*MATERIAL_TRANSPARENCY 0
			*MATERIAL_WIRESIZE 1
			*MATERIAL_SHADING Blinn
			*MATERIAL_XP_FALLOFF 0
			*MATERIAL_SELFILLUM 0
			*MATERIAL_FALLOFF In
			*MATERIAL_XP_TYPE Filter
			*MAP_DIFFUSE {
				*MAP_NAME "Map #1-3"
				*MAP_CLASS "Bitmap"
				*MAP_SUBNO 1
				*MAP_AMOUNT 1
				*BITMAP "PALNEW2_3.TGA"
				*MAP_TYPE Screen
				*UVW_U_OFFSET 0
				*UVW_V_OFFSET 0
				*UVW_U_TILING 1
				*UVW_V_TILING 1
				*UVW_ANGLE 0
				*UVW_BLUR 1
				*UVW_BLUR_OFFSET 0
				*UVW_NOUSE_AMT 1
				*UVW_NOISE_SIZE 1
				*UVW_NOISE_LEVEL 1
				*UVW_NOISE_PHASE 0
				*BITMAP_FILTER Pyramidal
			}
		}
	}
	*MATERIAL 1 {
		*MATERIAL_NAME "NEWARMORPAL-NACKED_MUSCEL0"
		*MATERIAL_CLASS "Standard"
		*MATERIAL_AMBIENT 0.509804	0.407843	0.305882
		*MATERIAL_DIFFUSE 0.509804	0.407843	0.305882
		*MATERIAL_SPECULAR 0.9	0.9	0.9
		*MATERIAL_SHINE 0.1
		*MATERIAL_SHINESTRENGTH 0
		*MATERIAL_TRANSPARENCY 0
		*MATERIAL_WIRESIZE 1
		*MATERIAL_SHADING Blinn
		*MATERIAL_XP_FALLOFF 0
		*MATERIAL_SELFILLUM 0
		*MATERIAL_FALLOFF In
		*MATERIAL_XP_TYPE Filter
		*MAP_DIFFUSE {
			*MAP_NAME "Map #2"
			*MAP_CLASS "Bitmap"
			*MAP_SUBNO 1
			*MAP_AMOUNT 1
			*BITMAP "HUM_BODY_NAKED_V0_C0.TGA"
			*MAP_TYPE Screen
			*UVW_U_OFFSET 0
			*UVW_V_OFFSET 0
			*UVW_U_TILING 1
			*UVW_V_TILING 1
			*UVW_ANGLE 0
			*UVW_BLUR 1
			*UVW_BLUR_OFFSET 0
			*UVW_NOUSE_AMT 1
			*UVW_NOISE_SIZE 1
			*UVW_NOISE_LEVEL 1
			*UVW_NOISE_PHASE 0
			*BITMAP_FILTER Pyramidal
		}
	}
}
*HELPEROBJECT {
	*NODE_NAME "Bip01"
	*NODE_TM {
		*NODE_NAME "Bip01"
		*TM_ROW0 6.27438e-006	-1	0
		*TM_ROW1 1	6.27438e-006	0
		*TM_ROW2 -0	-0	1
		*TM_ROW3 0	-7.37745	99.9496
		*TM_POS 0	-7.37745	99.9496
		*TM_ROTAXIS 0	0	1
		*TM_ROTANGLE 1.57079
		*TM_SCALE 1	1	1
		*TM_SCALEAXIS 0	0	0
		*TM_SCALEAXISANG 0	0	0
	}
}
*HELPEROBJECT {
	*NODE_NAME "Bip01 Pelvis"
	*NODE_PARENT "Bip01"
	*NODE_TM {
		*NODE_NAME "Bip01 Pelvis"
		*TM_ROW0 -5.96014e-008	1.79264e-006	1
		*TM_ROW1 -1.79264e-006	-1	1.79264e-006
		*TM_ROW2 1	-1.79264e-006	-5.96014e-008
		*TM_ROW3 1e-005	-8.0113	99.9496
		*TM_POS 1e-005	-8.0113	99.9496
		*TM_ROTAXIS 0.707107	0	0.707107
		*TM_ROTANGLE 3.1416
		*TM_SCALE 1	1	1
		*TM_SCALEAXIS 0	0	0
		*TM_SCALEAXISANG 0	0	0
	}
}
*HELPEROBJECT {
	*NODE_NAME "Bip01 Spine"
	*NODE_PARENT "Bip01 Pelvis"
	*NODE_TM {
		*NODE_NAME "Bip01 Spine"
		*TM_ROW0 6.6944e-008	-0.0205947	0.999788
		*TM_ROW1 5.48642e-006	-0.999788	-0.0205947
		*TM_ROW2 1	5.48642e-006	6.6944e-008
		*TM_ROW3 1e-005	-7.92216	102.35
		*TM_POS 1e-005	-7.92216	102.35
		*TM_ROTAXIS 0.707088	-0.00727998	0.707088
		*TM_ROTANGLE 3.12703
		*TM_SCALE 1	1	1
		*TM_SCALEAXIS 0	0	0
		*TM_SCALEAXISANG 0	0	0
	}
}
*HELPEROBJECT {
	*NODE_NAME "Bip01 Spine1"
	*NODE_PARENT "Bip01 Spine"
	*NODE_TM {
		*NODE_NAME "Bip01 Spine1"
		*TM_ROW0 6.76996e-008	-0.00276992	0.999996
		*TM_ROW1 -1.92621e-006	-0.999996	-0.00276991
		*TM_ROW2 1	-1.92621e-006	6.76996e-008
		*TM_ROW3 1e-005	-8.11442	112.175
		*TM_POS 1e-005	-8.11442	112.175
		*TM_ROTAXIS -0.707107	0.000979995	-0.707106
		*TM_ROTANGLE 3.14355
		*TM_SCALE 1	1	1
		*TM_SCALEAXIS 0	0	0
		*TM_SCALEAXISANG 0	0	0
	}
}
*HELPEROBJECT {
	*NODE_NAME "Bip01 Spine2"
	*NODE_PARENT "Bip01 Spine1"
	*NODE_TM {
		*NODE_NAME "Bip01 Spine2"
		*TM_ROW0 3.48622e-008	0.180243	0.983622
		*TM_ROW1 1.67638e-006	-0.983622	0.180243
		*TM_ROW2 1	1.67638e-006	3.48621e-008
		*TM_ROW3 1e-005	-8.1264	124.961
		*TM_POS 1e-005	-8.1264	124.961
		*TM_ROTAXIS 0.705652	0.0641202	0.705652
		*TM_ROTANGLE 3.26966
		*TM_SCALE 1	1	1
		*TM_SCALEAXIS 0	0	0
		*TM_SCALEAXISANG 0	0	0
	}
}
*HELPEROBJECT {
	*NODE_NAME "Bip01 Neck"
	*NODE_PARENT "Bip01 Spine2"
	*NODE_TM {
		*NODE_NAME "Bip01 Neck"
		*TM_ROW0 6.08698e-007	-0.167043	0.98595
		*TM_ROW1 4.70132e-006	-0.98595	-0.167043
		*TM_ROW2 1	4.70132e-006	6.08698e-007
		*TM_ROW3 -2.11471e-012	-2.71656	154.454
		*TM_POS -2.11471e-012	-2.71656	154.454
		*TM_ROTAXIS -0.70586	0.05937	-0.705859
		*TM_ROTANGLE 3.2602
		*TM_SCALE 1	1	1
		*TM_SCALEAXIS 0	0	0
		*TM_SCALEAXISANG 0	0	0
	}
}
*HELPEROBJECT {
	*NODE_NAME "Bip01 Head"
	*NODE_PARENT "Bip01 Neck"
	*NODE_TM {
		*NODE_NAME "Bip01 Head"
		*TM_ROW0 -5.96015e-008	1.76921e-006	1
		*TM_ROW1 -1.79264e-006	-1	1.77916e-006
		*TM_ROW2 1	-1.79264e-006	-5.96014e-008
		*TM_ROW3 1.63729e-011	-3.85901	161.198
		*TM_POS 1.63729e-011	-3.85901	161.198
		*TM_ROTAXIS -0.707107	4.76653e-009	-0.707107
		*TM_ROTANGLE 3.14159
		*TM_SCALE 1	1	1
		*TM_SCALEAXIS 0	0	0
		*TM_SCALEAXISANG 0	0	0
	}
}
*HELPEROBJECT {
	*NODE_NAME "ZS_HELMET"
	*NODE_PARENT "Bip01 Head"
	*NODE_TM {
		*NODE_NAME "ZS_HELMET"
		*TM_ROW0 1	5.73874e-013	4.35659e-014
		*TM_ROW1 -4.07319e-013	0.996917	-0.0784593
		*TM_ROW2 -4.76109e-014	0.0784593	0.996918
		*TM_ROW3 1e-005	-7.06248	173.704
		*TM_POS 1e-005	-7.06248	173.704
		*TM_ROTAXIS 1	5.81045e-013	-6.25288e-012
		*TM_ROTANGLE 0.078541
		*TM_SCALE 1	1	1
		*TM_SCALEAXIS 0	0	0
		*TM_SCALEAXISANG 0	0	0
	}
}
*HELPEROBJECT {
	*NODE_NAME "Bip01 L Clavicle"
	*NODE_PARENT "Bip01 Neck"
	*NODE_TM {
		*NODE_NAME "Bip01 L Clavicle"
		*TM_ROW0 0.935229	-0.203893	-0.289439
		*TM_ROW1 0.156435	0.971369	-0.178803
		*TM_ROW2 0.317608	0.121943	0.940348
		*TM_ROW3 7.96399	-1.25804	148.729
		*TM_POS 7.96399	-1.25804	148.729
		*TM_ROTAXIS 0.391939	-0.791119	0.469589
		*TM_ROTANGLE 0.39376
		*TM_SCALE 1	1	1
		*TM_SCALEAXIS 0	0	0
		*TM_SCALEAXISANG 0	0	0
	}
}
*HELPEROBJECT {
	*NODE_NAME "Bip01 L UpperArm"
	*NODE_PARENT "Bip01 L Clavicle"
	*NODE_TM {
		*NODE_NAME "Bip01 L UpperArm"
		*TM_ROW0 0.246229	0.0989026	-0.964152
		*TM_ROW1 0.412789	0.889345	0.196649
		*TM_ROW2 0.876913	-0.446412	0.178157
		*TM_ROW3 20.4269	-3.97508	144.872
		*TM_POS 20.4269	-3.97508	144.872
		*TM_ROTAXIS -0.325561	-0.932072	0.15891
		*TM_ROTANGLE 1.41328
		*TM_SCALE 1	1	1
		*TM_SCALEAXIS 0	0	0
		*TM_SCALEAXISANG 0	0	0
	}
}
*HELPEROBJECT {
	*NODE_NAME "Bip01 L Forearm"
	*NODE_PARENT "Bip01 L UpperArm"
	*NODE_TM {
		*NODE_NAME "Bip01 L Forearm"
		*TM_ROW0 0.0455122	-0.291882	-0.955371
		*TM_ROW1 0.478489	0.845886	-0.235638
		*TM_ROW2 0.876913	-0.44641	0.17816
		*TM_ROW3 27.2982	-1.21526	117.966
		*TM_POS 27.2982	-1.21526	117.966
		*TM_ROTAXIS -0.10545	-0.916697	0.385419
		*TM_ROTANGLE 1.53601
		*TM_SCALE 1	1	1
		*TM_SCALEAXIS 0	0	0
		*TM_SCALEAXISANG 0	0	0
	}
}
*HELPEROBJECT {
	*NODE_NAME "Bip01 L Hand"
	*NODE_PARENT "Bip01 L Forearm"
	*NODE_TM {
		*NODE_NAME "Bip01 L Hand"
		*TM_ROW0 0.0455132	-0.291886	-0.95537
		*TM_ROW1 -0.876533	0.44708	-0.17835
		*TM_ROW2 0.479185	0.845531	-0.2355
		*TM_ROW3 28.5642	-9.33439	91.391
		*TM_POS 28.5642	-9.33439	91.391
		*TM_ROTAXIS 0.551391	-0.772552	-0.314851
		*TM_ROTANGLE 1.95137
		*TM_SCALE 1	1	1
		*TM_SCALEAXIS 0	0	0
		*TM_SCALEAXISANG 0	0	0
	}
}
*HELPEROBJECT {
	*NODE_NAME "Bip01 L Finger0"
	*NODE_PARENT "Bip01 L Hand"
	*NODE_TM {
		*NODE_NAME "Bip01 L Finger0"
		*TM_ROW0 0.0455152	-0.291888	-0.955369
		*TM_ROW1 -0.876915	0.446405	-0.178165
		*TM_ROW2 0.478485	0.845886	-0.235643
		*TM_ROW3 29.15	-13.0909	79.0956
		*TM_POS 29.15	-13.0909	79.0956
		*TM_ROTAXIS 0.551581	-0.772311	-0.31511
		*TM_ROTANGLE 1.95181
		*TM_SCALE 1	1	1
		*TM_SCALEAXIS 0	0	0
		*TM_SCALEAXISANG 0	0	0
	}
}
*HELPEROBJECT {
	*NODE_NAME "ZS_LEFTHAND"
	*NODE_PARENT "Bip01 L Hand"
	*NODE_TM {
		*NODE_NAME "ZS_LEFTHAND"
		*TM_ROW0 0.435606	0.890062	-0.134303
		*TM_ROW1 0.180312	-0.232461	-0.955745
		*TM_ROW2 -0.881893	0.392112	-0.261751
		*TM_ROW3 26.7605	-11.5468	82.7857
		*TM_POS 26.7605	-11.5468	82.7857
		*TM_ROTAXIS 0.794322	0.440571	-0.418271
		*TM_ROTANGLE 2.12858
		*TM_SCALE 1	1	1
		*TM_SCALEAXIS 0	0	0
		*TM_SCALEAXISANG 0	0	0
	}
}
*HELPEROBJECT {
	*NODE_NAME "ZS_LEFTARM"
	*NODE_PARENT "Bip01 L Forearm"
	*NODE_TM {
		*NODE_NAME "ZS_LEFTARM"
		*TM_ROW0 0.0759923	-0.150176	-0.985735
		*TM_ROW1 0.524499	0.846792	-0.0885736
		*TM_ROW2 0.848013	-0.510285	0.143117
		*TM_ROW3 26.9101	-7.67833	110.055
		*TM_POS 26.9101	-7.67833	110.055
		*TM_ROTAXIS -0.21097	-0.917372	0.337521
		*TM_ROTANGLE 1.53784
		*TM_SCALE 1	1	1
		*TM_SCALEAXIS 0	0	0
		*TM_SCALEAXISANG 0	0	0
	}
}
*HELPEROBJECT {
	*NODE_NAME "Bip01 R Clavicle"
	*NODE_PARENT "Bip01 Neck"
	*NODE_TM {
		*NODE_NAME "Bip01 R Clavicle"
		*TM_ROW0 -0.935227	-0.203899	-0.28944
		*TM_ROW1 -0.156442	0.971369	-0.178799
		*TM_ROW2 0.317609	-0.121937	-0.940349
		*TM_ROW3 -7.96398	-1.25806	148.729
		*TM_POS -7.96398	-1.25806	148.729
		*TM_ROTAXIS -0.0929799	0.992639	-0.0775999
		*TM_ROTANGLE 3.45235
		*TM_SCALE 1	1	1
		*TM_SCALEAXIS 0	0	0
		*TM_SCALEAXISANG 0	0	0
	}
}
*HELPEROBJECT {
	*NODE_NAME "Bip01 R UpperArm"
	*NODE_PARENT "Bip01 R Clavicle"
	*NODE_TM {
		*NODE_NAME "Bip01 R UpperArm"
		*TM_ROW0 -0.246232	0.0988932	-0.964153
		*TM_ROW1 -0.412793	0.889345	0.196642
		*TM_ROW2 0.876911	0.446415	-0.178163
		*TM_ROW3 -20.4269	-3.97513	144.872
		*TM_POS -20.4269	-3.97513	144.872
		*TM_ROTAXIS 0.12961	-0.955353	-0.265521
		*TM_ROTANGLE 1.84162
		*TM_SCALE 1	1	1
		*TM_SCALEAXIS 0	0	0
		*TM_SCALEAXISANG 0	0	0
	}
}
*HELPEROBJECT {
	*NODE_NAME "Bip01 R Forearm"
	*NODE_PARENT "Bip01 R UpperArm"
	*NODE_TM {
		*NODE_NAME "Bip01 R Forearm"
		*TM_ROW0 -0.0455087	-0.291889	-0.955369
		*TM_ROW1 -0.478487	0.845885	-0.235646
		*TM_ROW2 0.876915	0.446408	-0.17816
		*TM_ROW3 -27.2982	-1.21534	117.966
		*TM_POS -27.2982	-1.21534	117.966
		*TM_ROTAXIS 0.347279	-0.932937	-0.0950097
		*TM_ROTANGLE 1.76083
		*TM_SCALE 1	1	1
		*TM_SCALEAXIS 0	0	0
		*TM_SCALEAXISANG 0	0	0
	}
}
*HELPEROBJECT {
	*NODE_NAME "Bip01 R Hand"
	*NODE_PARENT "Bip01 R Forearm"
	*NODE_TM {
		*NODE_NAME "Bip01 R Hand"
		*TM_ROW0 -0.0455115	-0.291885	-0.95537
		*TM_ROW1 0.87653	0.447088	-0.17835
		*TM_ROW2 0.479192	-0.845527	0.235499
		*TM_ROW3 -28.5642	-9.33445	91.3911
		*TM_POS -28.5642	-9.33445	91.3911
		*TM_ROTAXIS -0.33922	-0.72939	0.59407
		*TM_ROTANGLE 1.75327
		*TM_SCALE 1	1	1
		*TM_SCALEAXIS 0	0	0
		*TM_SCALEAXISANG 0	0	0
	}
}
*HELPEROBJECT {
	*NODE_NAME "Bip01 R Finger0"
	*NODE_PARENT "Bip01 R Hand"
	*NODE_TM {
		*NODE_NAME "Bip01 R Finger0"
		*TM_ROW0 -0.0455056	-0.291877	-0.955373
		*TM_ROW1 0.876914	0.446413	-0.178152
		*TM_ROW2 0.478489	-0.845886	0.235636
		*TM_ROW3 -29.1499	-13.0909	79.0956
		*TM_POS -29.1499	-13.0909	79.0956
		*TM_ROTAXIS -0.33952	-0.729071	0.594291
		*TM_ROTANGLE 1.75354
		*TM_SCALE 1	1	1
		*TM_SCALEAXIS 0	0	0
		*TM_SCALEAXISANG 0	0	0
	}
}
*HELPEROBJECT {
	*NODE_NAME "ZS_RIGHTHAND"
	*NODE_PARENT "Bip01 R Hand"
	*NODE_TM {
		*NODE_NAME "ZS_RIGHTHAND"
		*TM_ROW0 -0.464344	0.856417	-0.225687
		*TM_ROW1 0.177861	0.339806	0.923525
		*TM_ROW2 0.867612	0.388692	-0.31011
		*TM_ROW3 -20.9389	-19.9852	85.8932
		*TM_POS -20.9389	-19.9852	85.8932
		*TM_ROTAXIS 0.383811	0.784581	0.486951
		*TM_ROTANGLE 3.91244
		*TM_SCALE 1	1	1
		*TM_SCALEAXIS 0	0	0
		*TM_SCALEAXISANG 0	0	0
	}
}
*HELPEROBJECT {
	*NODE_NAME "ZS_CROSSBOW"
	*NODE_PARENT "Bip01 Spine2"
	*NODE_TM {
		*NODE_NAME "ZS_CROSSBOW"
		*TM_ROW0 -0.382687	-0.111464	0.91713
		*TM_ROW1 -0.923878	0.0461715	-0.379891
		*TM_ROW2 -1.2517e-006	-0.992695	-0.120648
		*TM_ROW3 -14.434	10.5915	165.98
		*TM_POS -14.434	10.5915	165.98
		*TM_ROTAXIS -0.447329	0.669479	-0.593039
		*TM_ROTANGLE 2.38705
		*TM_SCALE 1	1	1
		*TM_SCALEAXIS 0	0	0
		*TM_SCALEAXISANG 0	0	0
	}
}
*HELPEROBJECT {
	*NODE_NAME "ZS_LONGSWORD"
	*NODE_PARENT "Bip01 Spine2"
	*NODE_TM {
		*NODE_NAME "ZS_LONGSWORD"
		*TM_ROW0 -0.499829	-0.0915011	0.861277
		*TM_ROW1 -0.865729	0.0828188	-0.493614
		*TM_ROW2 -0.0261636	-0.992355	-0.12061
		*TM_ROW3 -18.1593	6.92629	157.64
		*TM_POS -18.1593	6.92629	157.64
		*TM_ROTAXIS -0.38996	0.69388	-0.60536
		*TM_ROTANGLE 2.44778
		*TM_SCALE 1	1	1
		*TM_SCALEAXIS 0	0	0
		*TM_SCALEAXISANG 0	0	0
	}
}
*HELPEROBJECT {
	*NODE_NAME "ZS_SHIELD"
	*NODE_PARENT "Bip01 Spine2"
	*NODE_TM {
		*NODE_NAME "ZS_SHIELD"
		*TM_ROW0 -0.0138681	0.114196	-0.993362
		*TM_ROW1 -0.908393	0.413755	0.0602465
		*TM_ROW2 0.417888	0.903198	0.0979964
		*TM_ROW3 8.76511	9.5282	131.875
		*TM_POS 8.76511	9.5282	131.875
		*TM_ROTAXIS 0.435421	-0.728972	-0.528212
		*TM_ROTANGLE 1.82457
		*TM_SCALE 1	1	1
		*TM_SCALEAXIS 0	0	0
		*TM_SCALEAXISANG 0	0	0
	}
}
*HELPEROBJECT {
	*NODE_NAME "ZS_BOW"
	*NODE_PARENT "Bip01 Spine2"
	*NODE_TM {
		*NODE_NAME "ZS_BOW"
		*TM_ROW0 -0.341816	-0.0868229	0.935748
		*TM_ROW1 0.0119438	0.995242	0.0967059
		*TM_ROW2 -0.939691	0.044232	-0.339153
		*TM_ROW3 0.5012	12.4143	124.55
		*TM_POS 0.5012	12.4143	124.55
		*TM_ROTAXIS -0.0279299	0.998227	0.0525698
		*TM_ROTANGLE 1.92076
		*TM_SCALE 1	1	1
		*TM_SCALEAXIS 0	0	0
		*TM_SCALEAXISANG 0	0	0
	}
}
*HELPEROBJECT {
	*NODE_NAME "ZS_SWORD"
	*NODE_PARENT "Bip01 Spine"
	*NODE_TM {
		*NODE_NAME "ZS_SWORD"
		*TM_ROW0 5.79068e-007	-0.347172	0.937802
		*TM_ROW1 1.04308e-007	0.937802	0.347172
		*TM_ROW2 -1	-1.04308e-007	5.79068e-007
		*TM_ROW3 17.5015	-4.36211	106.367
		*TM_POS 17.5015	-4.36211	106.367
		*TM_ROTAXIS -0.17367	0.96937	0.17367
		*TM_ROTANGLE 1.6019
		*TM_SCALE 1	1	1
		*TM_SCALEAXIS 0	0	0
		*TM_SCALEAXISANG 0	0	0
	}
}
*HELPEROBJECT {
	*NODE_NAME "Bip01 L Thigh"
	*NODE_PARENT "Bip01 Pelvis"
	*NODE_TM {
		*NODE_NAME "Bip01 L Thigh"
		*TM_ROW0 0.0534879	-0.0367886	-0.997891
		*TM_ROW1 -0.00216181	-0.999323	0.0367256
		*TM_ROW2 -0.998566	0.000192882	-0.0535313
		*TM_ROW3 9.01023	-8.01129	99.9496
		*TM_POS 9.01023	-8.01129	99.9496
		*TM_ROTAXIS 0.72572	-0.01342	-0.68786
		*TM_ROTANGLE 3.16677
		*TM_SCALE 1	1	1
		*TM_SCALEAXIS 0	0	0
		*TM_SCALEAXISANG 0	0	0
	}
}
*HELPEROBJECT {
	*NODE_NAME "Bip01 L Calf"
	*NODE_PARENT "Bip01 L Thigh"
	*NODE_TM {
		*NODE_NAME "Bip01 L Calf"
		*TM_ROW0 0.0525131	0.197552	-0.978885
		*TM_ROW1 0.0103904	-0.980292	-0.197278
		*TM_ROW2 -0.998566	0.000188708	-0.0535307
		*TM_ROW3 11.1149	-9.45845	60.6877
		*TM_POS 11.1149	-9.45845	60.6877
		*TM_ROTAXIS 0.723901	0.0721501	-0.686121
		*TM_ROTANGLE 3.00478
		*TM_SCALE 1	1	1
		*TM_SCALEAXIS 0	0	0
		*TM_SCALEAXISANG 0	0	0
	}
}
*HELPEROBJECT {
	*NODE_NAME "Bip01 L Foot"
	*NODE_PARENT "Bip01 L Calf"
	*NODE_TM {
		*NODE_NAME "Bip01 L Foot"
		*TM_ROW0 -6.00563e-007	7.23674e-006	-1
		*TM_ROW1 0.173652	-0.984807	-7.2672e-006
		*TM_ROW2 -0.984807	-0.173652	-5.93313e-007
		*TM_ROW3 13.6935	0.240668	12.6267
		*TM_POS 13.6935	0.240668	12.6267
		*TM_ROTAXIS 0.705757	0.0617498	-0.705757
		*TM_ROTANGLE 3.26493
		*TM_SCALE 1	1	1
		*TM_SCALEAXIS 0	0	0
		*TM_SCALEAXISANG 0	0	0
	}
}
*HELPEROBJECT {
	*NODE_NAME "Bip01 L Toe0"
	*NODE_PARENT "Bip01 L Foot"
	*NODE_TM {
		*NODE_NAME "Bip01 L Toe0"
		*TM_ROW0 0.173646	-0.984808	5.05606e-006
		*TM_ROW1 5.06961e-006	5.93591e-006	1
		*TM_ROW2 -0.984808	-0.173646	5.91983e-006
		*TM_ROW3 17.6256	-22.0591	-2.43328e-006
		*TM_POS 17.6256	-22.0591	-2.43328e-006
		*TM_ROTAXIS -0.644398	0.540718	0.540718
		*TM_ROTANGLE 1.99673
		*TM_SCALE 1	1	1
		*TM_SCALEAXIS 0	0	0
		*TM_SCALEAXISANG 0	0	0
	}
}
*HELPEROBJECT {
	*NODE_NAME "Bip01 R Thigh"
	*NODE_PARENT "Bip01 Pelvis"
	*NODE_TM {
		*NODE_NAME "Bip01 R Thigh"
		*TM_ROW0 -0.0535034	-0.0367749	-0.99789
		*TM_ROW1 0.00205776	-0.999324	0.0367174
		*TM_ROW2 -0.998566	-8.89041e-005	0.0535432
		*TM_ROW3 -9.01021	-8.01132	99.9496
		*TM_POS -9.01021	-8.01132	99.9496
		*TM_ROTAXIS 0.687862	-0.01262	-0.725732
		*TM_ROTANGLE 3.16835
		*TM_SCALE 1	1	1
		*TM_SCALEAXIS 0	0	0
		*TM_SCALEAXISANG 0	0	0
	}
}
*HELPEROBJECT {
	*NODE_NAME "Bip01 R Calf"
	*NODE_PARENT "Bip01 R Thigh"
	*NODE_TM {
		*NODE_NAME "Bip01 R Calf"
		*TM_ROW0 -0.0525024	0.197539	-0.978888
		*TM_ROW1 -0.0104967	-0.980295	-0.19726
		*TM_ROW2 -0.998566	-8.16062e-005	0.0535415
		*TM_ROW3 -11.1154	-9.45856	60.6878
		*TM_POS -11.1154	-9.45856	60.6878
		*TM_ROTAXIS 0.686298	0.0684898	-0.724088
		*TM_ROTANGLE 2.99744
		*TM_SCALE 1	1	1
		*TM_SCALEAXIS 0	0	0
		*TM_SCALEAXISANG 0	0	0
	}
}
*HELPEROBJECT {
	*NODE_NAME "Bip01 R Foot"
	*NODE_PARENT "Bip01 R Calf"
	*NODE_TM {
		*NODE_NAME "Bip01 R Foot"
		*TM_ROW0 -5.86066e-007	-7.25461e-006	-1
		*TM_ROW1 -0.173652	-0.984807	7.24331e-006
		*TM_ROW2 -0.984807	0.173652	-5.91966e-007
		*TM_ROW3 -13.6935	0.24065	12.6267
		*TM_POS -13.6935	0.24065	12.6267
		*TM_ROTAXIS 0.705757	-0.0617498	-0.705757
		*TM_ROTANGLE 3.01826
		*TM_SCALE 1	1	1
		*TM_SCALEAXIS 0	0	0
		*TM_SCALEAXISANG 0	0	0
	}
}
*HELPEROBJECT {
	*NODE_NAME "Bip01 R Toe0"
	*NODE_PARENT "Bip01 R Foot"
	*NODE_TM {
		*NODE_NAME "Bip01 R Toe0"
		*TM_ROW0 -0.173651	-0.984807	3.50312e-006
		*TM_ROW1 3.50539e-006	3.00781e-006	1
		*TM_ROW2 -0.984808	0.173651	3.01546e-006
		*TM_ROW3 -17.6255	-22.0592	3.52698e-005
		*TM_POS -17.6255	-22.0592	3.52698e-005
		*TM_ROTAXIS 0.510271	-0.608121	-0.608121
		*TM_ROTANGLE 4.08526
		*TM_SCALE 1	1	1
		*TM_SCALEAXIS 0	0	0
		*TM_SCALEAXISANG 0	0	0
	}
}
*HELPEROBJECT {
	*NODE_NAME "Dummy"
	*NODE_PARENT "Bip01 L Finger0"
	*NODE_TM {
		*NODE_NAME "Dummy"
		*TM_ROW0 -1	-0	0
		*TM_ROW1 -0	-1	0
		*TM_ROW2 -0	-0	1
		*TM_ROW3 29.4428	-14.9691	72.9478
		*TM_POS 29.4428	-14.9691	72.9478
		*TM_ROTAXIS 0	0	-1
		*TM_ROTANGLE 3.14159
		*TM_SCALE 1	1	1
		*TM_SCALEAXIS 0	0	0
		*TM_SCALEAXISANG 0	0	0
	}
}
*HELPEROBJECT {
	*NODE_NAME "Dummy1"
	*NODE_PARENT "Bip01 R Finger0"
	*NODE_TM {
		*NODE_NAME "Dummy1"
		*TM_ROW0 -1	-0	0
		*TM_ROW1 -0	-1	0
		*TM_ROW2 -0	-0	1
		*TM_ROW3 -29.4428	-14.9692	72.9479
		*TM_POS -29.4428	-14.9692	72.9479
		*TM_ROTAXIS 0	0	-1
		*TM_ROTANGLE 3.14159
		*TM_SCALE 1	1	1
		*TM_SCALEAXIS 0	0	0
		*TM_SCALEAXISANG 0	0	0
	}
}
*HELPEROBJECT {
	*NODE_NAME "Dummy2"
	*NODE_PARENT "Bip01 L Toe0"
	*NODE_TM {
		*NODE_NAME "Dummy2"
		*TM_ROW0 -1	-0	0
		*TM_ROW1 -0	-1	0
		*TM_ROW2 -0	-0	1
		*TM_ROW3 19.5916	-33.209	-6.31336
		*TM_POS 19.5916	-33.209	-6.31336
		*TM_ROTAXIS 0	0	-1
		*TM_ROTANGLE 3.14159
		*TM_SCALE 1	1	1
		*TM_SCALEAXIS 0	0	0
		*TM_SCALEAXISANG 0	0	0
	}
}
*HELPEROBJECT {
	*NODE_NAME "Dummy3"
	*NODE_PARENT "Bip01 R Toe0"
	*NODE_TM {
		*NODE_NAME "Dummy3"
		*TM_ROW0 -1	-0	0
		*TM_ROW1 -0	-1	0
		*TM_ROW2 -0	-0	1
		*TM_ROW3 -19.5915	-33.2091	-6.31332
		*TM_POS -19.5915	-33.2091	-6.31332
		*TM_ROTAXIS 0	0	-1
		*TM_ROTANGLE 3.14159
		*TM_SCALE 1	1	1
		*TM_SCALEAXIS 0	0	0
		*TM_SCALEAXISANG 0	0	0
	}
}
*GEOMOBJECT {
	*NODE_NAME "zm_Skin"
	*NODE_PARENT "Bip01"
	*NODE_TM {
		*NODE_NAME "zm_Skin"
		*TM_ROW0 -1	-0	0
		*TM_ROW1 -0	-1	0
		*TM_ROW2 -0	-0	1
		*TM_ROW3 -0	-0	0
		*TM_POS -0	-0	0
		*TM_ROTAXIS 0	0	-1
		*TM_ROTANGLE 3.14159
		*TM_SCALE 1	1	1
		*TM_SCALEAXIS 0	0	0
		*TM_SCALEAXISANG 0	0	0
	}
	*MATERIAL_REF 0
	*MESH_SOFTSKIN {
		*TIMEVALUE 0
		*MESH_NUMVERTEX 1007
		*MESH_NUMFACES 1916
		*MESH_VERTEX_LIST {
			*MESH_VERTEX 0	18.448	3.31679	156.809
			*MESH_VERTEX 1	-25.7881	0.442818	74.8078
			*MESH_VERTEX 2	26.0746	0.0553693	74.9006
			*MESH_VERTEX 3	-18.4249	-0.823933	137.388
			*MESH_VERTEX 4	5.84402	0.863726	52.5915
			*MESH_VERTEX 5	15.1725	-28.0106	68.54
			*MESH_VERTEX 6	16.855	-14.8121	32.7786
			*MESH_VERTEX 7	-21.7554	-5.39882	172.869
			*MESH_VERTEX 8	-39.3912	-8.84318	137.734
			*MESH_VERTEX 9	-15.7592	13.4278	156.218
			*MESH_VERTEX 10	7.28688	-0.409561	6.18163
			*MESH_VERTEX 11	14.1896	-19.1328	82.4261
			*MESH_VERTEX 12	4.80992	4.84625	80.8253
			*MESH_VERTEX 13	-23.5194	-1.9683	7.61074
			*MESH_VERTEX 14	-13.671	-18.7298	82.9618
			*MESH_VERTEX 15	-3.79647	5.00393	80.7988
			*MESH_VERTEX 16	-1.21197	-8.93842	61.9041
			*MESH_VERTEX 17	-15.8675	-14.4697	32.9317
			*MESH_VERTEX 18	-22.7106	-1.7818	65.4946
			*MESH_VERTEX 19	-14.7868	-28.3418	68.4577
			*MESH_VERTEX 20	21.23	-6.22167	112.736
			*MESH_VERTEX 21	17.5946	-15.355	142.68
			*MESH_VERTEX 22	24.7978	-2.94186	7.2973
			*MESH_VERTEX 23	-5.95052	0.174619	6.65599
			*MESH_VERTEX 24	-35.6863	0.421875	115.133
			*MESH_VERTEX 25	-19.7313	-4.14004	121.879
			*MESH_VERTEX 26	18.0705	-0.0419861	137.037
			*MESH_VERTEX 27	8.63716	-22.191	157.233
			*MESH_VERTEX 28	38.5736	-10.3005	138.138
			*MESH_VERTEX 29	17.0054	-15.1611	168.43
			*MESH_VERTEX 30	19.9155	-15.9755	75.4231
			*MESH_VERTEX 31	41.0766	-2.11149	106.384
			*MESH_VERTEX 32	34.1609	-14.7316	112.363
			*MESH_VERTEX 33	-38.3153	9.3706	127.899
			*MESH_VERTEX 34	11.0554	-22.8042	82.5085
			*MESH_VERTEX 35	-11.2685	-22.497	83.1642
			*MESH_VERTEX 36	1.32712	-21.5185	80.3417
			*MESH_VERTEX 37	28.2301	-7.09522	75.8988
			*MESH_VERTEX 38	34.4173	-4.73301	89.6534
			*MESH_VERTEX 39	35.7977	-3.55542	116.111
			*MESH_VERTEX 40	23.7808	-2.87231	82.6365
			*MESH_VERTEX 41	32.9768	5.08082	109.323
			*MESH_VERTEX 42	-21.2615	4.3603	167.735
			*MESH_VERTEX 43	20.899	-5.97844	173.162
			*MESH_VERTEX 44	-10.1706	-21.8951	156.829
			*MESH_VERTEX 45	20.3651	-2.06352	105.967
			*MESH_VERTEX 46	-20.9931	-0.751376	105.562
			*MESH_VERTEX 47	0.303234	10.934	105.344
			*MESH_VERTEX 48	-12.5999	6.68452	106.536
			*MESH_VERTEX 49	6.76614	-17.8061	61.949
			*MESH_VERTEX 50	24.9225	-7.44303	54.5824
			*MESH_VERTEX 51	23.724	-1.69875	65.158
			*MESH_VERTEX 52	24.6849	3.17546	52.7976
			*MESH_VERTEX 53	14.3218	-22.371	139.098
			*MESH_VERTEX 54	12.5374	-21.125	154.509
			*MESH_VERTEX 55	3.40207	-23.2453	149.774
			*MESH_VERTEX 56	-18.6808	6.3986	80.2577
			*MESH_VERTEX 57	-4.71392	0.586659	53.0933
			*MESH_VERTEX 58	-3.4875	4.18685	60.9283
			*MESH_VERTEX 59	4.08449	-3.52061	65.1748
			*MESH_VERTEX 60	4.66489	4.63135	60.3516
			*MESH_VERTEX 61	-19.6661	-17.7534	142.999
			*MESH_VERTEX 62	-13.8103	-22.0209	137.175
			*MESH_VERTEX 63	-5.77386	-23.0827	149.554
			*MESH_VERTEX 64	-21.0431	-21.1269	141.43
			*MESH_VERTEX 65	-23.4959	3.33293	53.2171
			*MESH_VERTEX 66	-22.9527	6.35751	60.7997
			*MESH_VERTEX 67	24.1767	6.34737	60.3203
			*MESH_VERTEX 68	5.57508	-6.82711	54.9417
			*MESH_VERTEX 69	-21.7991	8.63002	127.377
			*MESH_VERTEX 70	-28.2303	-7.09499	75.8987
			*MESH_VERTEX 71	-30.6732	7.97754	108.426
			*MESH_VERTEX 72	-37.8531	-2.98647	120.183
			*MESH_VERTEX 73	-35.2287	-10.4297	121.063
			*MESH_VERTEX 74	18.1608	9.28471	162.716
			*MESH_VERTEX 75	15.7623	12.9249	156.316
			*MESH_VERTEX 76	-13.7553	-19.092	163.076
			*MESH_VERTEX 77	-11.8	-22.1801	154.208
			*MESH_VERTEX 78	-26.9942	-2.3875	52.2743
			*MESH_VERTEX 79	-23.8349	-5.99633	59.1795
			*MESH_VERTEX 80	24.0196	-20.863	1.43522
			*MESH_VERTEX 81	12.4173	-4.36631	12.1825
			*MESH_VERTEX 82	19.8821	-3.09483	13.4294
			*MESH_VERTEX 83	-24.5837	-19.2636	1.44404
			*MESH_VERTEX 84	-11.053	-3.78992	12.37
			*MESH_VERTEX 85	-18.4506	-2.71232	13.2444
			*MESH_VERTEX 86	-3.12006	-4.06099	65.6077
			*MESH_VERTEX 87	-6.11422	-18.2203	62.1069
			*MESH_VERTEX 88	-4.63458	-7.14897	55.3062
			*MESH_VERTEX 89	2.08102	-8.41817	61.5459
			*MESH_VERTEX 90	-16.4975	-21.0343	147.135
			*MESH_VERTEX 91	-23.01	1.36939	96.5838
			*MESH_VERTEX 92	-0.87166	-21.0542	112.258
			*MESH_VERTEX 93	-22.1223	-19.0048	77.1095
			*MESH_VERTEX 94	-12.1185	-23.3891	76.3564
			*MESH_VERTEX 95	22.0017	-19.369	76.6421
			*MESH_VERTEX 96	11.9353	-23.5285	75.6868
			*MESH_VERTEX 97	-30.2929	-14.8053	119.94
			*MESH_VERTEX 98	3.66539	-2.63626	50.1283
			*MESH_VERTEX 99	-2.60438	-2.9187	50.5816
			*MESH_VERTEX 100	-0.384793	14.6803	93.956
			*MESH_VERTEX 101	39.5161	0.707894	113.08
			*MESH_VERTEX 102	38.2302	-6.15342	124.716
			*MESH_VERTEX 103	28.0542	-2.64056	51.9817
			*MESH_VERTEX 104	40.9472	-6.17394	111.049
			*MESH_VERTEX 105	-13.4454	7.58284	14.4824
			*MESH_VERTEX 106	14.906	7.13253	13.8284
			*MESH_VERTEX 107	22.3498	-14.7706	154.138
			*MESH_VERTEX 108	-27.2431	0.510878	113.071
			*MESH_VERTEX 109	-40.6199	-2.11841	109.448
			*MESH_VERTEX 110	-35.8818	-11.4684	112.654
			*MESH_VERTEX 111	-30.4486	-12.6229	106.628
			*MESH_VERTEX 112	-37.6317	-3.8603	105.147
			*MESH_VERTEX 113	15.3587	10.8689	12.3109
			*MESH_VERTEX 114	18.9116	-21.9403	141.914
			*MESH_VERTEX 115	27.2645	-15.9871	120.389
			*MESH_VERTEX 116	39.2797	3.85382	129.412
			*MESH_VERTEX 117	25.7656	-1.96049	120.223
			*MESH_VERTEX 118	23.125	6.5359	127.753
			*MESH_VERTEX 119	-19.3344	-9.24222	136.784
			*MESH_VERTEX 120	-23.8891	-14.6644	153.767
			*MESH_VERTEX 121	38.2811	-6.76991	106.21
			*MESH_VERTEX 122	33.2956	-15.668	118.053
			*MESH_VERTEX 123	33.5324	-14.0884	107.756
			*MESH_VERTEX 124	23.5255	-11.8563	104.132
			*MESH_VERTEX 125	29.4524	-14.0802	105.642
			*MESH_VERTEX 126	-34.6527	-11.61	108.163
			*MESH_VERTEX 127	-8.89447	-18.2334	112.126
			*MESH_VERTEX 128	-22.2174	-16.5753	62.9087
			*MESH_VERTEX 129	-23.9876	-7.30727	54.8087
			*MESH_VERTEX 130	22.9001	-16.5209	62.8338
			*MESH_VERTEX 131	24.7798	-6.05072	58.9277
			*MESH_VERTEX 132	-15.7488	-9.5402	10.9618
			*MESH_VERTEX 133	8.95888	-22.1152	148.878
			*MESH_VERTEX 134	-20.2565	-11.6119	113.067
			*MESH_VERTEX 135	16.8378	-10.2703	10.7287
			*MESH_VERTEX 136	23.1618	0.447475	96.6684
			*MESH_VERTEX 137	7.36028	-18.8042	112.668
			*MESH_VERTEX 138	18.4687	-12.6752	113.713
			*MESH_VERTEX 139	-13.7901	11.5271	12.9351
			*MESH_VERTEX 140	-26.1437	-6.88278	155.524
			*MESH_VERTEX 141	-24.052	-11.7125	105.638
			*MESH_VERTEX 142	-27.3241	-1.51877	95.4479
			*MESH_VERTEX 143	-24.3098	-13.2795	115.451
			*MESH_VERTEX 144	-35.9003	-11.6661	118.344
			*MESH_VERTEX 145	-37.645	-15.5804	116.28
			*MESH_VERTEX 146	-24.5035	-6.19873	120.428
			*MESH_VERTEX 147	31.6544	-0.333733	112.942
			*MESH_VERTEX 148	29.973	-1.37297	95.9045
			*MESH_VERTEX 149	-25.8457	0.313342	120.21
			*MESH_VERTEX 150	20.0408	-14.1512	119.001
			*MESH_VERTEX 151	20.8064	-5.22997	122.306
			*MESH_VERTEX 152	23.9579	3.08861	126.834
			*MESH_VERTEX 153	0.874882	12.0959	78.0411
			*MESH_VERTEX 154	-38.2295	5.27963	111.866
			*MESH_VERTEX 155	-21.8811	-5.14669	113.324
			*MESH_VERTEX 156	-25.3352	1.58359	111.832
			*MESH_VERTEX 157	9.39401	-22.5906	154.529
			*MESH_VERTEX 158	23.8894	-11.38	119.824
			*MESH_VERTEX 159	32.5147	-14.4844	121.174
			*MESH_VERTEX 160	36.7623	-7.74437	120.643
			*MESH_VERTEX 161	32.4805	-14.2545	137.253
			*MESH_VERTEX 162	-14.8647	-20.5854	154.138
			*MESH_VERTEX 163	-19.9156	-15.9752	75.423
			*MESH_VERTEX 164	-28.6083	-20.7649	81.0677
			*MESH_VERTEX 165	-28.2167	8.18433	127.786
			*MESH_VERTEX 166	-39.2245	-0.882544	123.859
			*MESH_VERTEX 167	-36.9355	6.31753	127.31
			*MESH_VERTEX 168	-12.1584	8.41503	55.0499
			*MESH_VERTEX 169	-22.9304	-2.28059	82.6472
			*MESH_VERTEX 170	34.197	-19.8324	116.023
			*MESH_VERTEX 171	-19.4107	-21.4962	138.682
			*MESH_VERTEX 172	-35.519	-11.7131	79.0464
			*MESH_VERTEX 173	11.7061	-22.5353	137.536
			*MESH_VERTEX 174	21.7193	-14.7965	114.466
			*MESH_VERTEX 175	14.2701	-21.6504	147.538
			*MESH_VERTEX 176	17.3082	-22.2441	139.14
			*MESH_VERTEX 177	-16.4379	-21.748	138.692
			*MESH_VERTEX 178	35.5189	-11.7133	79.0465
			*MESH_VERTEX 179	-39.3208	-7.87309	118.848
			*MESH_VERTEX 180	13.4593	8.55122	54.4598
			*MESH_VERTEX 181	19.7776	5.15594	80.3332
			*MESH_VERTEX 182	-26.7666	-6.3729	63.1323
			*MESH_VERTEX 183	-14.7604	-14.8467	52.4393
			*MESH_VERTEX 184	27.6836	-6.42419	62.9067
			*MESH_VERTEX 185	15.5336	-14.8079	52.2839
			*MESH_VERTEX 186	24.6164	-7.17029	155.775
			*MESH_VERTEX 187	23.0475	-5.86669	120.507
			*MESH_VERTEX 188	28.6083	-20.7651	81.0678
			*MESH_VERTEX 189	-24.8045	5.02594	124.283
			*MESH_VERTEX 190	18.1811	-5.9177	152.577
			*MESH_VERTEX 191	-18.9582	-5.27858	152.291
			*MESH_VERTEX 192	9.12631	-22.7242	137.479
			*MESH_VERTEX 193	-11.2457	-22.3176	137.162
			*MESH_VERTEX 194	-26.9799	-10.1087	117.658
			*MESH_VERTEX 195	40.4429	-8.12699	116.381
			*MESH_VERTEX 196	26.1422	-0.261823	111.935
			*MESH_VERTEX 197	15.1658	6.58147	-0.759785
			*MESH_VERTEX 198	19.6073	-25.9759	1.35361
			*MESH_VERTEX 199	-13.4089	7.36951	-0.347121
			*MESH_VERTEX 200	-20.6251	-24.7343	1.33083
			*MESH_VERTEX 201	-34.447	0.920763	137.438
			*MESH_VERTEX 202	-23.5792	-15.0329	141.6
			*MESH_VERTEX 203	-35.7311	-10.2216	135.855
			*MESH_VERTEX 204	-33.1422	-11.4146	136.317
			*MESH_VERTEX 205	23.6203	0.645222	81.0905
			*MESH_VERTEX 206	24.1402	-8.34538	92.0961
			*MESH_VERTEX 207	-18.0744	-13.6777	86.7485
			*MESH_VERTEX 208	30.9045	4.55148	128.756
			*MESH_VERTEX 209	36.1105	-3.63836	121.499
			*MESH_VERTEX 210	-23.3629	1.15182	81.0017
			*MESH_VERTEX 211	-30.8114	3.81971	111.198
			*MESH_VERTEX 212	15.5431	5.95371	20.1576
			*MESH_VERTEX 213	15.4383	9.54761	44.0779
			*MESH_VERTEX 214	2.7027	-4.60293	81.574
			*MESH_VERTEX 215	-14.1277	6.47853	20.691
			*MESH_VERTEX 216	-14.0612	9.64217	44.6741
			*MESH_VERTEX 217	-1.88667	-4.46177	81.8212
			*MESH_VERTEX 218	26.701	-1.45281	113.203
			*MESH_VERTEX 219	24.9703	-12.3158	116.753
			*MESH_VERTEX 220	-26.0752	-13.3195	94.2389
			*MESH_VERTEX 221	-25.5425	1.23171	109.456
			*MESH_VERTEX 222	0.044385	13.049	129.534
			*MESH_VERTEX 223	-19.7095	3.59461	156.605
			*MESH_VERTEX 224	-15.7229	-11.9795	37.9495
			*MESH_VERTEX 225	-2.40456	-9.63178	53.9797
			*MESH_VERTEX 226	-2.125	-11.1016	58.1553
			*MESH_VERTEX 227	16.6297	-12.224	37.7531
			*MESH_VERTEX 228	3.29414	-9.28102	53.6442
			*MESH_VERTEX 229	2.96119	-10.6688	57.8431
			*MESH_VERTEX 230	-24.3711	-10.4008	121.381
			*MESH_VERTEX 231	-21.8943	-3.63067	122.789
			*MESH_VERTEX 232	-39.421	1.20431	104.364
			*MESH_VERTEX 233	26.4603	-0.525966	109.55
			*MESH_VERTEX 234	-37.3967	-13.2778	120.648
			*MESH_VERTEX 235	12.1084	12.1763	143.711
			*MESH_VERTEX 236	-37.5644	-3.46573	116.982
			*MESH_VERTEX 237	-36.7779	1.55067	111.371
			*MESH_VERTEX 238	-9.38382	-21.8765	148.556
			*MESH_VERTEX 239	-15.3884	-13.5101	43.1552
			*MESH_VERTEX 240	9.611	4.4049	6.36052
			*MESH_VERTEX 241	-8.16349	5.03804	6.90649
			*MESH_VERTEX 242	-26.4294	-11.1069	104.089
			*MESH_VERTEX 243	36.6604	-7.88743	117.703
			*MESH_VERTEX 244	37.3518	-2.62067	112.232
			*MESH_VERTEX 245	16.2355	-13.6528	42.9826
			*MESH_VERTEX 246	22.3107	-2.55846	52.0458
			*MESH_VERTEX 247	15.85	-15.3977	51.7591
			*MESH_VERTEX 248	20.6613	-12.3427	58.7912
			*MESH_VERTEX 249	24.6496	-2.71784	53.3581
			*MESH_VERTEX 250	-41.2447	-2.91422	115.529
			*MESH_VERTEX 251	-17.2586	-22.1973	139.716
			*MESH_VERTEX 252	22.4797	10.0556	139.296
			*MESH_VERTEX 253	36.4228	0.521842	125.719
			*MESH_VERTEX 254	32.0144	0.836351	111.818
			*MESH_VERTEX 255	27.8064	-16.2656	118.428
			*MESH_VERTEX 256	37.2532	-12.7607	119.231
			*MESH_VERTEX 257	21.9122	-12.2969	120.598
			*MESH_VERTEX 258	34.4525	-19.5307	119.954
			*MESH_VERTEX 259	-22.4985	10.9213	139.144
			*MESH_VERTEX 260	15.7991	-22.869	140.156
			*MESH_VERTEX 261	-21.2524	-2.63997	52.2311
			*MESH_VERTEX 262	-15.0712	-15.6052	52.0521
			*MESH_VERTEX 263	-19.8595	-12.4077	60.2058
			*MESH_VERTEX 264	-23.5995	-2.56862	53.6715
			*MESH_VERTEX 265	-18.304	5.61433	14.8414
			*MESH_VERTEX 266	-30.0331	8.5919	117.809
			*MESH_VERTEX 267	-36.0996	5.31903	124.644
			*MESH_VERTEX 268	19.5959	5.21172	14.4381
			*MESH_VERTEX 269	-12.3843	-5.44929	19.7344
			*MESH_VERTEX 270	13.5279	-5.94576	19.4023
			*MESH_VERTEX 271	33.3793	-17.2	114.765
			*MESH_VERTEX 272	18.0662	-13.7005	86.7427
			*MESH_VERTEX 273	-36.2008	-13.2656	114.959
			*MESH_VERTEX 274	26.1618	-11.5446	102.953
			*MESH_VERTEX 275	-3.35479	-4.5013	52.7941
			*MESH_VERTEX 276	4.36856	-4.19598	52.3739
			*MESH_VERTEX 277	-19.513	-9.76093	130.6
			*MESH_VERTEX 278	26.4667	4.71452	117.695
			*MESH_VERTEX 279	25.3543	2.57362	124.588
			*MESH_VERTEX 280	-36.3509	0.899269	120.986
			*MESH_VERTEX 281	18.6348	-10.0389	136.247
			*MESH_VERTEX 282	18.1041	-10.804	131.088
			*MESH_VERTEX 283	18.9757	-17.6682	143.536
			*MESH_VERTEX 284	33.899	-2.92893	137.616
			*MESH_VERTEX 285	24.1302	1.41524	132.443
			*MESH_VERTEX 286	31.5259	-4.02501	136.343
			*MESH_VERTEX 287	-23.8321	3.07162	132.564
			*MESH_VERTEX 288	-32.4281	-0.533897	136.294
			*MESH_VERTEX 289	-9.87346	3.68779	-0.502754
			*MESH_VERTEX 290	26.095	-13.5065	94.3627
			*MESH_VERTEX 291	28.3097	-14.7874	108.595
			*MESH_VERTEX 292	32.6459	-14.904	92.8843
			*MESH_VERTEX 293	11.3401	3.22876	-0.889486
			*MESH_VERTEX 294	37.1715	-2.33406	114.658
			*MESH_VERTEX 295	38.2611	-3.1843	103.002
			*MESH_VERTEX 296	-12.3336	13.1704	141.602
			*MESH_VERTEX 297	-32.0424	2.52507	112.199
			*MESH_VERTEX 298	-36.5409	-0.823874	101.572
			*MESH_VERTEX 299	-34.875	-6.14242	84.9259
			*MESH_VERTEX 300	-24.1694	-8.17935	91.9863
			*MESH_VERTEX 301	-21.7277	-17.387	88.9283
			*MESH_VERTEX 302	-0.43951	11.5196	156.101
			*MESH_VERTEX 303	-0.669863	4.63445	159.198
			*MESH_VERTEX 304	23.4235	-16.4959	131.286
			*MESH_VERTEX 305	-12.4755	5.7281	54.1444
			*MESH_VERTEX 306	13.7057	5.99765	53.9324
			*MESH_VERTEX 307	-25.8999	-11.4882	114.319
			*MESH_VERTEX 308	23.7407	-13.3099	113.562
			*MESH_VERTEX 309	37.43	1.16537	128.532
			*MESH_VERTEX 310	19.8521	4.66372	-0.276589
			*MESH_VERTEX 311	-18.2355	5.83066	0.0670374
			*MESH_VERTEX 312	11.0747	3.76454	13.592
			*MESH_VERTEX 313	-22.7793	0.738824	117.508
			*MESH_VERTEX 314	-9.71327	4.18953	14.2618
			*MESH_VERTEX 315	31.7313	5.32783	118.705
			*MESH_VERTEX 316	-38.9811	-2.12159	121.743
			*MESH_VERTEX 317	-36.7027	1.95467	113.774
			*MESH_VERTEX 318	19.5474	-18.357	76.4764
			*MESH_VERTEX 319	-29.7867	-13.0901	109.735
			*MESH_VERTEX 320	-19.647	-18.0471	76.9386
			*MESH_VERTEX 321	-20.3631	0.27166	112.814
			*MESH_VERTEX 322	21.7199	-17.4091	88.9268
			*MESH_VERTEX 323	-19.1851	-14.2558	143.417
			*MESH_VERTEX 324	-25.1293	-10.0544	152.79
			*MESH_VERTEX 325	-31.0198	-18.3303	137.711
			*MESH_VERTEX 326	34.0378	1.52989	137.62
			*MESH_VERTEX 327	18.7434	8.47279	80.416
			*MESH_VERTEX 328	18.8154	-1.59261	113.196
			*MESH_VERTEX 329	-34.3659	2.81879	137.345
			*MESH_VERTEX 330	29.7717	-19.4953	138.17
			*MESH_VERTEX 331	24.285	-3.83894	63.5387
			*MESH_VERTEX 332	20.6375	3.75343	65.9296
			*MESH_VERTEX 333	-16.2224	-21.4151	0.872259
			*MESH_VERTEX 334	34.9381	0.211888	97.7916
			*MESH_VERTEX 335	-13.0734	-16.5488	155.262
			*MESH_VERTEX 336	22.1281	-13.2307	152.418
			*MESH_VERTEX 337	15.5075	-22.2979	0.823296
			*MESH_VERTEX 338	-32.6202	-14.6622	92.8007
			*MESH_VERTEX 339	-18.1569	-4.90031	19.9839
			*MESH_VERTEX 340	19.311	-5.52645	19.6824
			*MESH_VERTEX 341	-11.7596	-21.9112	135.307
			*MESH_VERTEX 342	10.082	-22.4398	135.609
			*MESH_VERTEX 343	5.5444	2.74155	64.0243
			*MESH_VERTEX 344	-4.46404	2.45737	64.0538
			*MESH_VERTEX 345	23.8231	-6.25711	55.8755
			*MESH_VERTEX 346	25.842	-5.45371	55.5215
			*MESH_VERTEX 347	26.2895	-8.92361	56.6357
			*MESH_VERTEX 348	0.398557	11.9562	112.53
			*MESH_VERTEX 349	0.311592	10.1549	112.514
			*MESH_VERTEX 350	-22.8678	-6.17042	56.1302
			*MESH_VERTEX 351	-24.8657	-5.31409	55.7774
			*MESH_VERTEX 352	-25.3988	-8.79188	56.8261
			*MESH_VERTEX 353	25.3834	-8.34212	58.99
			*MESH_VERTEX 354	-24.4915	-8.27371	59.1965
			*MESH_VERTEX 355	11.4457	-16.576	155.587
			*MESH_VERTEX 356	12.5706	5.63591	113.12
			*MESH_VERTEX 357	-38.9444	-3.40068	117.082
			*MESH_VERTEX 358	-35.5862	-12.6626	119.368
			*MESH_VERTEX 359	-26.164	-10.7175	119.292
			*MESH_VERTEX 360	30.1436	-14.4932	136.531
			*MESH_VERTEX 361	17.9759	2.88593	143.084
			*MESH_VERTEX 362	22.1437	-3.4244	150.828
			*MESH_VERTEX 363	22.8716	-7.44334	154.281
			*MESH_VERTEX 364	30.4871	-7.60703	144.199
			*MESH_VERTEX 365	-19.1892	2.16091	142.727
			*MESH_VERTEX 366	-23.5415	-3.01183	150.695
			*MESH_VERTEX 367	-24.5732	-7.01596	154.094
			*MESH_VERTEX 368	-32.328	-4.4764	144.219
			*MESH_VERTEX 369	-5.14359	-21.7828	149.714
			*MESH_VERTEX 370	2.83056	-21.9188	149.92
			*MESH_VERTEX 371	30.6681	3.88449	125.943
			*MESH_VERTEX 372	-31.9316	3.63459	150.109
			*MESH_VERTEX 373	27.2321	-18.9079	150.923
			*MESH_VERTEX 374	-29.7895	7.45511	125.141
			*MESH_VERTEX 375	8.85937	-19.7841	94.0876
			*MESH_VERTEX 376	8.27685	-20.2035	106.567
			*MESH_VERTEX 377	28.256	-15.2935	144.381
			*MESH_VERTEX 378	-31.8017	-12.5028	144.124
			*MESH_VERTEX 379	3.91365	-5.31376	62.6426
			*MESH_VERTEX 380	7.42173	2.3593	64.7737
			*MESH_VERTEX 381	-2.98847	-5.66373	62.9044
			*MESH_VERTEX 382	-6.35344	2.13342	64.7963
			*MESH_VERTEX 383	38.2585	-8.14378	114.607
			*MESH_VERTEX 384	-39.0024	-3.48561	113.944
			*MESH_VERTEX 385	37.902	-7.20763	122.498
			*MESH_VERTEX 386	-32.0439	1.16998	96.455
			*MESH_VERTEX 387	-36.4747	-4.28022	137.801
			*MESH_VERTEX 388	-41.0703	-1.05284	123.289
			*MESH_VERTEX 389	-18.9223	-0.359744	112.953
			*MESH_VERTEX 390	-22.7038	-8.84947	43.7827
			*MESH_VERTEX 391	-25.0278	-1.02093	51.8808
			*MESH_VERTEX 392	23.6545	-9.15258	43.5778
			*MESH_VERTEX 393	26.1219	-1.23608	51.5501
			*MESH_VERTEX 394	-31.0222	-13.9615	114.6
			*MESH_VERTEX 395	28.2017	-16.7992	114.014
			*MESH_VERTEX 396	-22.5356	-21.7224	146.978
			*MESH_VERTEX 397	-9.29301	-20.3682	153.844
			*MESH_VERTEX 398	-16.9248	-12.1046	151.856
			*MESH_VERTEX 399	27.2844	8.04644	146.635
			*MESH_VERTEX 400	14.3966	11.6831	153.387
			*MESH_VERTEX 401	18.6616	1.18062	151.836
			*MESH_VERTEX 402	-30.5663	-11.0723	120.516
			*MESH_VERTEX 403	-19.3461	4.0257	65.6602
			*MESH_VERTEX 404	20.1922	-1.17716	113.253
			*MESH_VERTEX 405	-18.1186	-16.7248	82.1671
			*MESH_VERTEX 406	20.0298	-16.0727	141.677
			*MESH_VERTEX 407	18.0088	-17.1463	81.7256
			*MESH_VERTEX 408	6.73687	-3.68971	51.3252
			*MESH_VERTEX 409	9.9189	-12.9921	53.2463
			*MESH_VERTEX 410	-5.70415	-4.11093	51.6369
			*MESH_VERTEX 411	-9.09841	-13.3239	53.5731
			*MESH_VERTEX 412	-24.0208	-5.23525	112.795
			*MESH_VERTEX 413	-7.4389	-10.1412	42.8981
			*MESH_VERTEX 414	22.9889	-8.04845	120.173
			*MESH_VERTEX 415	8.36718	-10.1057	42.6097
			*MESH_VERTEX 416	19.6834	3.35844	141.95
			*MESH_VERTEX 417	-29.2197	-7.1294	141.257
			*MESH_VERTEX 418	28.4343	-8.20772	141.603
			*MESH_VERTEX 419	-21.2587	-18.9832	76.0291
			*MESH_VERTEX 420	-23.39	-17.6061	77.1275
			*MESH_VERTEX 421	21.2586	-18.9835	76.0293
			*MESH_VERTEX 422	23.3899	-17.6064	77.1277
			*MESH_VERTEX 423	-20.9581	3.6833	141.686
			*MESH_VERTEX 424	-19.534	1.73941	135.052
			*MESH_VERTEX 425	10.1438	3.14183	53.3917
			*MESH_VERTEX 426	-8.9736	2.79596	53.6445
			*MESH_VERTEX 427	18.5945	0.997786	135.501
			*MESH_VERTEX 428	-23.7399	-7.32838	99.7496
			*MESH_VERTEX 429	-10.8875	-8.53958	8.3187
			*MESH_VERTEX 430	12.0132	-9.20479	8.03426
			*MESH_VERTEX 431	23.4418	2.43972	51.9038
			*MESH_VERTEX 432	-22.2657	2.58439	52.3184
			*MESH_VERTEX 433	-30.9359	3.62191	108.847
